k_inc = (20.9585,0)
omega = 6.28319e+09
num_frm = 1500
partition diameter = 0.0245111
k_1 = (20.9585,0)
k_2 = (41.9169,0)
eps1 = (8.85419e-12,0)
eps2 = (3.54168e-11,0)
mu1 = (1.25664e-06,0)
mu2 = (1.25664e-06,0)
lambda1 = (0.299792,0)
lambda2 = (0.149896,0)
k_vec: -20.9585 -0 0
e0_H: -0 1 0
e0_V: 0 0 1
